20022986
20023082
20023622
20023812
20024001
20024101
20022202
20005641
20023168
20022850
20022418
20022603
20022807
20023129
20023758
20023437
20022126
20022876
20023712
20023903
20022225
20022271
20022521
20022546
20022667
20023073
20023218
20023435
20023615
20023955
20024076
20022259
20022391
20022499
20022541
20022685
20023153
20023340
20023382
20023612
20023623
20023786
20024169
20022894
20022509
20022917
20023950
20022368
20022428
20023162
20023392
20024042
20022309
20022660
20023575
20024004
20022770
20022249
20022423
20022561
20022624
20022721
20023061
20023444
20023799
20023867
20024152
20022183
20022288
20022355
20022453
20022498
20022589
20022655
20022828
20022975
20023052
20023100
20023183
20023238
20023349
20023421
20023610
20023721
20023788
20023930
20024016
20024080
20024173
20022528
20022585
20022749
20022957
20024143
20022184
20022293
20022228
20022517
20022697
20022859
20023097
20023279
20023456
20023652
20023810
20023962
20024166
20022361
20023022
20023779
20022547
20023246
20022861
20022211
20022213
20022352
20022504
20022646
20022822
20023059
20023237
20023393
20023613
20023809
20023946
20024072
20022218
20022357
20022557
20022571
20022805
20022974
20023194
20023369
20023573
20023816
20023847
20022530
20022987
20022919
20022325
20023182
20023553
20024110
20022407
20022480
20022653
20022948
20023065
20023253
20023677
20022219
20022412
20022531
20022683
20022877
20023087
20023257
20023500
20023651
20023833
20023973
20024097
20022193
20022322
20022337
20022463
20022626
20022725
20022998
20023055
20023075
20023119
20023220
20023329
20023358
20023441
20023526
20023104
20022270
20022392
20022701
20023247
20023442
20023951
20024107
20016496
20022285
20022430
20022580
20022699
20022908
20023136
20023303
20023532
20023641
20023848
20024020
20024104
20022189
20022579
20022591
20023412
20022515
20022431
20022795
20023077
20023262
20023443
20023636
20023804
20023965
20024078
20022265
20022886
20022373
20022550
20022704
20023455
20023671
20023717
20023986
20022340
20022490
20023143
20023339
20023410
20023537
20023752
20023670
20023829
20023960
20024120
20022212
20000807
20023043
20023204
20023345
20023834
20023835
20022370
20022811
20023057
20023449
20023887
20022841
20023000
20023722
20022221
20022623
20022637
20023083
20020981
20022801
20022223
20022709
20022978
20023313
20023647
20024098
20022771
20023060
20023891
20023987
20022895
20022526
20022656
20023739
20023977
20022636
20022791
20023070
20023212
20023678
20022751
20023947
20024109
20022224
20023296
20023822
20023851
20023911
20024175
20024189
20023711
20022533
20022682
20022887
20023846
20022261
20022343
20022451
20022611
20022724
20023219
20023528
20023624
20023020
20022858
20023290
20023893
20024205
20022320
20022664
20023080
20023192
20024186
20022260
20022409
20022633
20022690
20022900
20023111
20023277
20023499
20023664
20023824
20023998
20024130
20021327
20023504
20022421
20022738
20022808
20023026
20023426
20022272
20022414
20022596
20022756
20023045
20023146
20023797
20023976
20023019
20022745
20023178
20022312
20022203
20022292
20023094
20023198
20023211
20023319
20023360
20023399
20023552
20023683
20023819
20023922
20023975
20024047
20024204
20022508
20021081
20023004
20023381
20022505
20022269
20022813
20022905
20022906
20023570
20023892
20023994
20022574
20023452
20022380
20021261
20022454
20023283
20022227
20022437
20022513
20022746
20023110
20023474
20023757
20023861
20022362
20022969
20023174
20023267
20023494
20023658
20023843
20024203
20024277
20024458
20025031
20025287
20025411
20025601
20025875
20026031
20026191
20025708
20026246
20025626
20024750
20024923
20024492
20024769
20025133
20025776
20026134
20026353
20025620
20024254
20024580
20024671
20024797
20024984
20025194
20025219
20025403
20025603
20025787
20025970
20026141
20026347
20024265
20024330
20024437
20024627
20024722
20024838
20024966
20025548
20025605
20025791
20025942
20025257
20025349
20025499
20023805
20025384
20025700
20024754
20025475
20024347
20024435
20024588
20024795
20024188
20024540
20024275
20025282
20025446
20025729
20026127
20026303
20024728
20025404
20026009
20024317
20024425
20024495
20024581
20025178
20025312
20025379
20025568
20025705
20025768
20025940
20026123
20026238
20026423
20024270
20025056
20025306
20026160
20024268
20024611
20024839
20024997
20025202
20025397
20025592
20025822
20026002
20026151
20026322
20026099
20000788
20025104
20026140
20026250
20024324
20024230
20024424
20024596
20024825
20024996
20025200
20025588
20025771
20026032
20026124
20026376
20025035
20024916
20025170
20025711
20026020
20025670
20024673
20025632
20025806
20026382
20024248
20024461
20024612
20024801
20025020
20025207
20025419
20025678
20025804
20025953
20026154
20026314
20024517
20024062
20024413
20024572
20024677
20024800
20024954
20025064
20025255
20025429
20025614
20025797
20025948
20026092
20026418
20024924
20025021
20025108
20025337
20025518
20025572
20025675
20025722
20025777
20025821
20025889
20025986
20025998
20026059
20026149
20026174
20026257
20026281
20026428
20026473
20025026
20024622
20026412
20024305
20024481
20024669
20024869
20025040
20025232
20025473
20025634
20026033
20026222
20026415
20024215
20025909
20025913
20024253
20024450
20024606
20024811
20025000
20025635
20025792
20025938
20026125
20026313
20025719
20025799
20021523
20026440
20024309
20024509
20024685
20025059
20025291
20025478
20025671
20025681
20025886
20026021
20026408
20023767
20024445
20024668
20024852
20025119
20025226
20025891
20026091
20024300
20024494
20024654
20025280
20025281
20025660
20025661
20025773
20026023
20026212
20026380
20025916
20025622
20025834
20025946
20026101
20026361
20024339
20024842
20025486
20024505
20024901
20025238
20025507
20026165
20025714
20026063
20024249
20025116
20025546
20025096
20025025
20025123
20025563
20025372
20024810
20024231
20024436
20024604
20024982
20025112
20025373
20025679
20025770
20025959
20026143
20024743
20024369
20025111
20025152
20025820
20025388
20025765
20025892
20026207
20026360
20024710
20025061
20025438
20025203
20025855
20024380
20024472
20024519
20024705
20024772
20025328
20025345
20025740
20025831
20026090
20026097
20026231
20026340
20026480
20024354
20024836
20024286
20024672
20025680
20025712
20026346
20024917
20024876
20025052
20025053
20025107
20025789
20025103
20024542
20024625
20025368
20025535
20025819
20024316
20024477
20024662
20024837
20025037
20025285
20025424
20025576
20025827
20026016
20026188
20026393
20025240
20025466
20024446
20024846
20025006
20025371
20025785
20026150
20024758
20025439
20024986
20024848
20025201
20024296
20024465
20024649
20025014
20025236
20025813
20026184
20024212
20024375
20024632
20025115
20025214
20025848
20025867
20026126
20026446
20025065
20025087
20024577
20025205
20025224
20024515
20025519
20026136
20024660
20024787
20024271
20026077
20026168
20026202
20026203
20024468
20024862
20024730
20024403
20025179
20025360
20025793
20026247
20025243
20025387
20025437
20025151
20024353
20024392
20025165
20025348
20025448
20025597
20025829
20025910
20026036
20026310
20026311
20032062
20026537
20026727
20027927
20030316
20030502
20030608
20030850
20032052
20032204
20033415
20033589
20027810
20030397
20030976
20033492
20030646
20026517
20027932
20030262
20030746
20032200
20033325
20032149
20033379
20033579
20033694
20024346
20027923
20027940
20029034
20029055
20030212
20030238
20030291
20030312
20030336
20030433
20030482
20030546
20030635
20030857
20030998
20032276
20033574
20027913
20030215
20030632
20033691
20031001
20026726
20027891
20029026
20030288
20030461
20030634
20030901
20031022
20032248
20033455
20033619
20032205
20033393
20026548
20028025
20030416
20031011
20033572
20026489
20026696
20027820
20027962
20029130
20029131
20030439
20030466
20030622
20030692
20031007
20018054
20026750
20030716
20026724
20030388
20027975
20029059
20030265
20030442
20030592
20030832
20031013
20032233
20033408
20033604
20026602
20027807
20027999
20029070
20030289
20030444
20030541
20030619
20030826
20030955
20032102
20032245
20033335
20033431
20033587
20033490
20026647
20029053
20029105
20026535
20027935
20029088
20030285
20030454
20030618
20030820
20026712
20027903
20029092
20030342
20032038
20032234
20033491
20027895
20029068
20030735
20032191
20029062
20030179
20033370
20033667
20027855
20030472
20030803
20031017
20032106
20033326
20033424
20033493
20033559
20033616
20026516
20027876
20029061
20030450
20030587
20032040
20032215
20033553
20027834
20027995
20029132
20030187
20030445
20030494
20030670
20030778
20030918
20033327
20032051
20032250
20030952
20030417
20030641
20030889
20033476
20027916
20026533
20026732
20027901
20029083
20030338
20030462
20030621
20030848
20031032
20032246
20033398
20033576
20026538
20026701
20027845
20027900
20029097
20030331
20030441
20030579
20026658
20026791
20027933
20028002
20028016
20029028
20029089
20029138
20030295
20030389
20030539
20030548
20030711
20030924
20030925
20030944
20030996
20032174
20033314
20033360
20033428
20033462
20033505
20033570
20033649
20033416
20026597
20026794
20030185
20030339
20032284
20033458
20026706
20030551
20032070
20032211
20030181
20026545
20029065
20030283
20030452
20030599
20030860
20031023
20032232
20033409
20033566
20026762
20027936
20029064
20030296
20030474
20030647
20030909
20032066
20032242
20033420
20033611
20026736
20026591
20026802
20027931
20030155
20030275
20030491
20030671
20030946
20032089
20032269
20033474
20033659
20026556
20027837
20028007
20030174
20031014
20033628
20026550
20026792
20030639
20030892
20032254
20033447
20033615
20030542
20027846
20026551
20027885
20029084
20030207
20026587
20030158
20032298
20026650
20030234
20030480
20030730
20033346
20026513
20030458
20030810
20030875
20027805
20029082
20030558
20030822
20026638
20029046
20030932
20032129
20033446
20030699
20032255
20033610
20016861
20030509
20030620
20030884
20030922
20029135
20026684
20027838
20029035
20030236
20030401
20030585
20030742
20030989
20032187
20029100
20026796
20027944
20029134
20030516
20030522
20030637
20030824
20031020
20032256
20033413
20033564
20033670
20026695
20027907
20027951
20029067
20029121
20030267
20030313
20030448
20030475
20030802
20030893
20032061
20033425
20033651
20026731
20027896
20029079
20030282
20030455
20033421
20030756
20030292
20032091
20030894
20027950
20033318
20026590
20030630
20033337
20026577
20026774
20027961
20029120
20030340
20030517
20030663
20030876
20032054
20032283
20033472
20033588
20021220
20030714
20030737
20030492
20033402
20026756
20026547
20030237
20030371
20030610
20030611
20030800
20027911
20030591
20030594
20030902
20030544
20032080
20033330
20033427
20030235
20027937
20026770
20027879
20029038
20030231
20030387
20033575
20033699
20033700
20030868
20026754
20030233
20033488
20024927
20030673
20030188
20030307
20033321
20033394
20033565
20029060
20029069
20030402
20030567
20030782
20032094
20032236
20033395
20033495
20033590
20033666
20030869
20030930
20033403
20026639
20027912
20030577
20030600
20030839
20030929
20032087
20032230
20033320
20033581
20030146
20030332
20027982
20030886
20027867
20026666
20030311
20030933
20033684